id,name,phones,address,website,emails,city,region,segment,crm_score,is_network,cms,has_marquiz,telegram,vk,whatsapp
1585,Сага Артель,74959726758; 79253109558; 79015466758,"д. Тарычёво, 70, Видное",http://www.saga-art.ru/,info@saga-art.ru,Видное,,A,53,Yes,wordpress,No,https://t.me/+79015466758,,https://api.whatsapp.com/send?phone=79015466758
1586,Horonim.ru,74993255061; 74999949913; 77460031263,"Заводская ул., 17/2, Видное, Видное",https://www.horonim.ru/,info@horonim.ru,Видное,,A,50,No,wordpress,No,https://t.me/Ritualnye_uslugil,,https://api.whatsapp.com/send?phone=7967288626209011800018905008052849650504844080700040501810900180182009704180000218118202183091820509050180700080182051800518100200000200188050180050400060500805
1587,Гранитная мастерская Булатниковское кладбище,79687841131,"Московская область, Ленинский городской округ, Булатниковское кладбище, Видное",https://bulatnikovskoe.ru/,info@bulatnikovskoe.ru,Видное,,A,50,No,bitrix,No,https://t.me/+79687841131,,https://api.whatsapp.com/send?phone=796878411310901180001890500805080700040501810900180182009704180000218118202183091820509050180700080182051800518100200000200188050180050400060500805
1598,Монумент,74959724607; 79015464607,,https://monument-nd.ru/,monument-nd@bk.ru,Видное,,A,49,Yes,unknown,No,https://t.me/monument_nd,https://vk.com/monument_n,https://api.whatsapp.com/send?phone=79015464607&text=&source=&data=
1588,Восемь Ангелов,79999736026,"Берёзовая ул., 8А, Видное, Видное",https://grob-venki.ru/,ritual@8angelov.bizml.ru; ritual@8angelov.bizml,Видное,,A,43,No,tilda,No,https://t.me/+79999736026,,https://api.whatsapp.com/send?phone=79999736026
1589,Много Памятников,79998881555; 79850501550,"Каширское шоссе, 26-й километр, 28, Видное, Видное",http://mnogopam.ru/,mnogopam@list.ru,Видное,,A,42,No,wordpress,No,https://t.me/mnogopam,https://vk.com/mnogopam,
1596,Град-Экс гранитная мастерская,74951096677; 74951205544,"просп. Ленинского Комсомола, 35, Видное, Видное",,,Видное,,A,42,Yes,unknown,No,https://t.me/Grad_Ex,https://vk.com/id644504660,https://api.whatsapp.com/send?phone=7925444400009011800018905008052849617015006080700040501810900180182009704180000218118202183091820509050180700080182051800518100200000200188050180050400060500805
1592,Памятники. Moscow,79268252866; 74953694359; 79057057777,"Россия, Московская область, Ленинский городской округ, Видное, Видное",https://pamyatniki.moscow/,info@pamyatniki.moscow,Видное,,A,40,Yes,opencart,No,https://t.me/+79268252866,,
